822        737        408        24        897        340        36        318        552        824
863        482        471        214        301        363        641        62        34        649
854        940        96        281        338        37        71        28        302        516
898        674        757        735        174        721        160        486        370        990
764        986        539        552        143        165        285        632        827        695
303        319        456        48        376        128        398        911        579        853
686        164        909        337        390        165        609        553        365        792
699        116        342        803        564        731        12        748        125        138
779        709        911        540        219        924        990        497        610        277
826        259        812        465        634        760        836        409        223        340
