364        785        475        310        326        393        420        820        356        964
257        554        349        616        406        640        262        998        651        458
407        47        523        908        532        576        165        983        532        960
356        458        252        880        262        413        620        254        161        675
942        156        41        855        970        319        999        428        810        279
282        448        993        181        353        311        822        791        817        63
742        107        122        670        544        555        147        433        243        917
857        555        485        621        980        667        999        120        483        454
28        419        513        678        148        328        219        729        510        978
492        509        540        899        748        291        652        929        375        939
